0交比不变：
biaozhun1.65625
1.54286
1.5444
1.5444
1.54095
1.54286
1.5444
1.54095
1.54164
1.54164
1.54385
1.53916
1.54385
1.53916
1.54138
1.54198
1.54198
1.54011
1.5346
1.5346

10交比不变：
biaozhun1.65625
1.54265
1.54372
1.54265
1.5416
1.54265
1.54372
1.5416
1.54046
1.54046
1.54046
1.5467
1.54103
1.5467
1.54127
1.54257
1.53463
1.53463
1.54257
1.59396

20交比不变：
biaozhun1.65625
1.54163
1.54477
1.54163
1.54153
1.54163
1.54153
1.54477
1.54093
1.54093
1.54093
1.54809
1.56061
1.54809
1.54174
1.54174
1.54263
1.53482
1.53482
1.53482
1.54263
1.53275

30交比不变：
biaozhun1.65625
1.54065
1.54065
1.54459
1.54196
1.54065
1.54196
1.54459
1.53994
1.53994
1.53994
1.54934
1.5431
1.54934
1.54169
1.54169
1.53465
1.54169
1.53465
1.53465
1.53465
1.54169
1.53188


40交比不变：
biaozhun1.65625

1.54695
1.54321
1.48038
1.54321
1.54695
1.54321
1.54017
1.54017
1.54017
1.5539
1.54305
1.5539
1.54226
1.54226
1.53389
1.54236
1.53389
1.53389
1.53389
1.54236
1.53147


50交比不变：
biaozhun1.65625
1.53951
1.53951
1.54773
1.54278
1.53951
1.54278
1.54773
1.54021
1.54021
1.54021
1.55396
1.55396
1.54415
1.55396
1.54154
1.54154
1.53502
1.54236
1.53502
1.53502
1.53502
1.53502
1.54236
1.53023

60交比不变：
biaozhun1.65625
1.53877
1.53877
1.54812
1.54377
1.53877
1.54377
1.54812
1.54065
1.54065
1.54065
1.55663
1.55663
1.55663
1.6024
1.53725
1.54204
1.53725
1.53725
1.53725
1.53725
1.54204
1.54204
1.52971


70交比不变：
biaozhun1.65625
1.53709
1.53709
1.55297
1.54602
1.53709
1.54602
1.55297
1.54202
1.54202
1.54202
1.00113
1.55988
1.55988
1.55988
1.54552
1.54271
1.54271
1.54284
1.54284
1.54284
1.52863

交比不变75：
biaozhun1.65625
1.53559
1.53559
1.54558
1.53559
1.54558
1.54152
1.54152
1.54349
1.54349
1.54349